28	281.537897771586
56	336.13753691887007
84	412.5958155632904
112	489.90634586054176
140	579.466309922964
168	663.3287326616882
196	715.6828271843474
224	756.8078626664428
252	862.4069948930819
280	924.3054035915337
308	1010.3080870228017
336	1049.6134686263533
364	1114.3369540919366
392	1173.5785891250312
420	1233.4835277056359
448	1288.8995954836266
476	1338.0609727777075
504	1409.0732010870242
532	1445.196663663008
560	1502.6715476137917
588	1549.7654800072412
616	1600.7492154476215
644	1643.6853244726012
672	1690.001457270879
700	1740.3140560023155
728	1784.1304166245475
756	1833.5042735283457
784	1885.14639244807
812	1958.1889404278559
840	1993.0719334308837
868	2022.0840413169808
896	2069.8779464088866
924	2131.118245431748
952	2215.1323469747736
980	2270.645623822807
1008	2328.49352144196
1036	2387.2568473525585
1064	2468.8435784745934
1092	2529.407349396226
1120	2596.32635451254
1148	2663.8214515274535
1176	2738.2496930324974
1204	2828.705651957652
1232	2891.416679035003
1260	2984.5648238247013
1288	3040.529081471105
1316	3101.854478914375
1344	3171.8724067104226
1372	3224.4084329773395
1400	3259.7525969815924
1428	3303.606482798124
1456	3349.2783123383247
1484	3376.8519720748714
1512	3429.681001145972
1540	3481.295579647218
1568	3514.8400982014205
1596	3559.461047470105
1624	3590.624531785618
1652	3636.7183806124112
1680	3662.0172870684773
1708	3706.44266457916
1736	3728.0716844401904
1764	3769.532886637717
1792	3802.075174491788
1820	3837.028961978227
1848	3860.242622351561
1876	3882.8518698552116
1904	3906.9884598988733
1932	3924.920265284546
1960	3951.2559716966553
1988	3982.4461789716274
2016	4008.240344106425
2044	4040.6127398959416
2072	4053.6852653051224
2100	4074.578406885811
2128	4100.851720763182
2156	4107.966357031109
2184	4128.985597577853
2212	4142.511276903078
2240	4161.128703557667
2268	4171.900379481328
2296	4188.063039631659
2324	4199.209593943999
2352	4210.650908917882
2380	4227.3518555542505
2408	4231.54027202632
2436	4249.2867438916555
2464	4249.569378035991
2492	4259.190530792154
2520	4266.072130890304
2548	4272.24441528177
2576	4282.882582604667
2604	4289.314693967232
2632	4290.2757985249855
2660	4301.064493355457
2688	4312.435703276733
2716	4333.285074690304
2744	4334.644751594855
2772	4334.493499135594
2800	4336.615406567904
2828	4352.231804682983
2856	4361.43093920202
2884	4366.691978217586
2912	4373.3235390578375
2940	4376.283203631553
2968	4376.103317383349
2996	4386.187600132645
3024	4388.069420366637
3052	4386.959880277841
3080	4391.892881452141
3108	4397.002067849244
3136	4396.59591285062
3164	4402.851313656382
3192	4403.77754934853
3220	4406.430081396463
3248	4418.524518950211
3276	4423.757102350431
3304	4429.702692115646
3332	4429.886658910613
3360	4434.113177646453
3388	4436.185806280481
3416	4440.1718409817695
3444	4441.100266615948
3472	4440.7512249321635
3500	4443.063853991373
3528	4450.134468965374
3556	4454.847488339265
3584	4454.795046320055
3612	4458.772134738574
3640	4453.5405554945455
3668	4454.371963017507
3696	4455.200172856893
3724	4456.875153776471
3752	4462.379594624729
3780	4467.322474559051
3808	4467.9121284410985
3836	4473.299037932579
3864	4477.46890669122
3892	4482.204592082692
3920	4484.349343326384
3948	4484.210723104225
3976	4484.840088541862
4004	4485.50738963082
4032	4487.306125645254
4060	4488.7866799550175
4088	4488.942548105052
4116	4491.934984442901
4144	4495.517951026541
4172	4496.412282111887
4200	4495.331742765695
4228	4496.888721936051
4256	4502.898681809266
4284	4503.1016699944885
4312	4500.536902491657
4340	4503.0224812583
4368	4504.979117849795
4396	4506.912222109663
4424	4512.792853323672
4452	4515.663644824037
4480	4514.483624082119
4508	4516.30165747114
4536	4515.261484804977
4564	4515.766902623165
4592	4514.833525664611
4620	4513.791119889586
4648	4512.242941379198
4676	4507.399642501756
4704	4508.150643514391
4732	4507.917005263769
4760	4508.141261820206
4788	4511.052176612086
4816	4511.037869821221
4844	4509.010261664589
4872	4511.064755981534
4900	4512.088594947494
4928	4515.828311139339
4956	4516.64049131593
4984	4515.43915516623
5012	4516.76386720265
5040	4520.8565991933265
5068	4525.0658003330145
5096	4523.959152207176
5124	4528.031540764075
5152	4529.917014408013
5180	4531.158734730595
5208	4529.147122306831
5236	4528.3456463375405
5264	4527.588964484329
5292	4527.787018155508
5320	4526.570711771152
5348	4525.3455293551915
5376	4523.840634116982
5404	4524.487625607538
5432	4523.4363921721215
5460	4522.445879025475
5488	4523.8790023078
5516	4524.45664773885
5544	4524.283156998527
5572	4523.732396414838
5600	4524.247088974197
5628	4524.041824239895
5656	4525.513831111371
5684	4525.410951326544
5712	4524.316737875842
5740	4526.8179386944075
5768	4524.843152407096
5796	4526.862882939806
5824	4527.730494305804
5852	4528.6372148965875
5880	4528.715185010155
5908	4529.234451484804
5936	4530.231721363323
5964	4530.249543838898
5992	4532.473853310972
6020	4532.654084128418
6048	4532.032838735001
6076	4531.953204086196
6104	4532.308842090878
6132	4533.731978631072
6160	4536.220625084072
6188	4536.066010163564
6216	4540.635876518223
6244	4540.734529432357
6272	4543.326927200637
6300	4543.423788257261
6328	4542.598018821683
6356	4540.797720146026
6384	4545.260806990268
6412	4544.170025302253
6440	4545.522101647049
6468	4545.838673495066
6496	4547.311384992405
6524	4547.341667847594
6552	4546.662465486882
6580	4545.468445656814
6608	4548.339139394141
6636	4546.750176887561
6664	4547.96146994623
6692	4547.793755718279
6720	4546.857128545804
6748	4548.346325125653
6776	4550.43352761604
6804	4549.137370730502
6832	4548.455233439252
6860	4553.1441810398555
6888	4552.102582430016
6916	4551.507589927957
6944	4550.947888815802
6972	4552.120650362197
7000	4551.457645668969
7028	4550.055405186241
7056	4549.029770444165
7084	4548.610669295301
7112	4551.810282165295
7140	4551.862761139992
7168	4552.7106388500015
7196	4552.7106388500015
